5.257447533624673319e+00 3.791024633023892143e+00
4.039898015731590242e+00 -2.660559441278239401e+00
6.062635541375596127e-01 4.753084402119139185e+00
3.413703117202828707e+00 -2.646080296767108209e+00
3.091824486968807406e+00 -3.912889253406269141e+00
5.599404498540975439e+00 3.115070391557338780e+00
-1.742831257482867269e+00 6.393452461779003393e+00
7.683443344319685231e+00 3.347951066741694515e+00
-3.052579489474931407e+00 6.382115552577403150e+00
2.509959231087139919e+00 -3.523994318220919464e+00
2.802913450443958787e+00 -3.630622773069325682e+00
5.752069151299806116e+00 -3.011204510294811065e+00
-9.327490480664979433e-01 4.318157456658969551e+00
5.004895670988168455e+00 -2.710631739709198573e+00
3.942837314376436364e+00 -3.377982349568763976e+00
2.964583288252136128e+00 -8.747135768533746969e-01
7.939178674723544660e+00 2.968330328866687573e+00
-2.920953580864063426e+00 7.144459981961688300e+00
4.999616202728850212e+00 -1.505305167215401418e+00
-4.002496516044871111e-01 5.500286268946439350e+00
2.528858740534895233e+00 -2.479495671771001053e+00
6.438346753162006664e+00 3.821822212029116095e+00
4.241927711721149130e+00 -3.913685209455584513e+00
-2.544941828026761499e+00 6.356171767144525475e+00
5.304818332148007798e+00 3.514789778363919481e+00
4.959448499313926284e+00 3.068447101834458124e+00
-2.186191999621868831e+00 4.886758295478923486e+00
-2.088537707441026736e+00 7.079526923579327224e+00
3.981311185278908038e+00 -3.915047773000240205e+00
5.212365835280732718e+00 3.624374738279281249e+00
4.253204720780731307e+00 -3.644028621138525104e+00
3.488987907565161528e+00 -3.302963934664280732e+00
-4.077868102799078187e+00 4.933351156944311811e+00
7.596328291648120512e+00 1.464815356486784292e+00
6.042480943742547517e+00 3.304909626242626963e+00
3.845018963216159769e+00 -2.739679266478165509e+00
-7.072526429342198551e-01 4.411525566456438341e+00
3.737018041602661267e+00 -2.966595825698787436e+00
-1.855748117924631568e+00 6.308076068403773995e+00
-1.405329364607843745e+00 5.632579095459825602e+00
6.062385682436588930e+00 3.638397975883579161e+00
-2.137998723998638884e+00 6.148859588831209422e+00
-1.999075024547679824e+00 5.376476509790596658e+00
4.776492754070882363e-02 6.624761520008473958e+00
4.622377209052619840e+00 -3.549349396862758965e+00
6.217810077947089731e+00 2.256168064545710727e+00
-1.820403615651692952e+00 5.088927569746684476e+00
3.916888839305124659e+00 -3.555624456866693706e+00
5.283290268087572628e+00 3.849599292656299632e+00
3.823473603324980985e+00 -3.418773516949400904e+00
-1.315969820247352207e+00 5.517515768316951785e+00
4.300789727402171359e+00 -3.158306452500401207e+00
5.224353329847496674e+00 2.286771590334717885e+00
6.257355616522810138e+00 2.751744005978274732e+00
3.035453984309132380e+00 -1.454886135553806525e+00
6.078861424709281813e+00 1.353010452674231701e+00
4.528519163764952005e+00 3.264675904961438224e+00
5.413520441108125247e+00 3.407247908764056810e+00
3.743526480178906546e+00 -1.809714506328927275e+00
-1.056770103663892790e+00 5.277903964692573169e+00
5.064967873082308891e+00 2.638873184683537154e+00
2.876973947827798916e-01 4.626239713349985294e+00
4.675935607447533116e+00 -1.017061774194367274e+00
5.807250548364415899e+00 3.960904260268772070e+00
4.809479953838587285e+00 3.291005683773282176e+00
-1.241536754078261584e+00 5.904530685211248020e+00
5.389732153763385547e+00 -2.701411817862840792e+00
5.691597215308938473e+00 4.017278218879051011e+00
4.580066014017807774e+00 3.745687152329664649e+00
-1.801937610994986283e+00 6.320126861574364874e+00
5.105525709706812520e+00 3.864342766739948587e+00
2.526518852250698721e-01 4.687531411966784134e+00
4.036866774228133892e+00 -1.399594373761247068e+00
6.061896907274613611e+00 2.818314962596227602e+00
-2.584768386520174932e+00 6.494401438062190834e+00
4.289180091074370260e+00 -3.555046569746717289e+00
3.557498722450289197e+00 -2.520661623608579038e+00
6.773955912122330503e+00 5.398865871915955239e+00
6.864886924202484586e-02 6.907944773019792706e+00
3.941393661444133389e+00 -4.062459940648127876e+00
5.393742802480252507e+00 2.504939258343497954e+00
4.541677510140683438e+00 -1.053277525015746896e+00
-1.888195844518232303e-01 6.719989139121940624e+00
5.200233554882467857e+00 3.219883225785290737e+00
-1.082707004427716724e+00 4.938409479145037473e+00
4.417633261692441415e+00 -1.830344169321224346e+00
-2.617615111577701992e+00 6.462650699238601248e+00
-2.142513299326740395e+00 6.158348029188735140e+00
4.096176370113475684e+00 -4.651680154130655609e+00
6.372457868591807184e+00 3.273080673527782203e+00
-2.808152652349154010e+00 6.365853188250476080e+00
5.907880400363614726e+00 4.423040534105830979e+00
3.774002400123447565e+00 -2.120239483531919600e+00
5.283276458566124489e+00 2.030597387710513235e+00
-2.837269382996391975e+00 6.792483390000272792e+00
4.333821586389850822e+00 3.954051278996477237e+00
4.923498148330350155e+00 4.137064557871578785e+00
-1.823091327078992352e+00 6.803101178626815404e+00
4.426435255784950229e+00 -2.001741135217869338e+00
-2.729607085796797783e+00 6.481212238034848028e+00
